y = [76.744451522827148, 4.2027136590331793, 84.917934536933899, 140.60294330120087, 77.335053831338882, 114.83464881777763, 203.17058354616165, 110.92421784996986, 116.68661624193192, 95.080322027206421, -1.4912122883833945, -20.456388518214226, -4.9487879499793053, -8.9481322467327118, -13.540313132107258, 39.077289327979088, 2.2765618655830622, -21.091923415660858, 16.148153096437454, 14.120888728648424, -38.86031337082386, 48.666610568761826, 77.800019681453705, -29.871335215866566, -17.859151884913445, -0.49048008571844548, 123.81289824843407, 76.459899991750717, 56.352165564894676, -83.134530633687973, -117.38883376121521, 11.177875399589539, -53.16049262881279, 44.896091893315315, 103.04915562272072, 16.107692867517471, 21.651739776134491, 82.701315879821777, 29.046959951519966, 118.23921293020248, 203.86200964450836, 162.45617866516113, 156.37133717536926, 92.319063395261765, 88.235278129577637, 55.510446131229401, 197.93134868144989, 157.64739990234375, 57.483577653765678, 78.915723413228989, 170.30453592538834, 19.489416405558586, 67.193208038806915, 56.081312298774719, 11.65139839053154, -114.97127428650856, 44.902224764227867, 19.946396984159946, 81.948925852775574, 4.8082021437585354, -61.024759635329247, 52.110901549458504, 94.744290858507156, 29.047184139490128, -95.255492627620697, -37.823045030236244, 41.96562834084034, 14.486051984131336, -139.38404470682144, 0.89169993298128247, -9.4522777944803238, -24.636109136044979, -8.9638415537774563, -52.745380103588104, -111.99501559138298, -58.784734234213829, -69.069053381681442, -98.220253139734268, -94.813044369220734, -62.672267630696297, -40.898501202464104, 41.055824160575867, 65.256702750921249, -32.471925169229507, -21.567426100373268, 24.868194982409477, 64.763603210449219, 30.966119170188904, -72.699408978223801, -91.319002658128738, -42.742580249905586, 10.340148601680994, 83.230505883693695, 48.854559883475304, 23.661888912320137, -123.46028476953506, 36.52428612112999, 62.466694861650467, 100.3549861907959, -16.837470307946205, -104.44618105888367, 25.590182840824127, -44.290096610784531, -48.888727650046349, -12.855147197842598, -27.987559698522091, 12.813565079122782, -36.227757632732391, 23.574157319962978, -44.50081430375576, -149.08247709274292, -4.9942320864647627, -111.82185888290405, -59.867318943142891, -38.042133674025536, 33.341200724244118, -93.281627744436264, -178.42011004686356, -120.28982609510422, -77.199613898992538, 169.08452779054642, 150.85184454917908, 36.825442761182785, -117.95466139912605, -71.027179509401321, 13.771849907934666, -45.459453463554382, -113.99552464485168, -28.212397433817387, -92.194924056529999, -6.3212287053465843, -12.8385772369802, -75.198892056941986, -129.86228764057159, -50.182831808924675, -121.33127421140671, -85.546960383653641, -20.180846303701401, 14.631800763309002, -96.498307138681412, -134.48502838611603, -32.811862528324127, -89.406170099973679, -214.59226906299591, -330.17097115516663, -162.23013639450073, -186.98035150766373, -176.8356254696846, -109.90912511944771, -157.8986120223999, -73.881799131631851, -65.044233351945877, -53.396832346916199, 13.331981711089611, -117.30725213885307, -31.787760481238365, -85.623579472303391, -118.8015903532505, -222.27176338434219, -126.1588391661644, -10.874456930905581, -65.546087622642517, -219.62228715419769, -152.65460461378098, -246.71507656574249, -206.43074780702591, -180.12620329856873, -217.10031688213348, -84.241852015256882, -172.97673493623734, -90.390750467777252, -135.89564949274063, -215.35668164491653, -151.12287640571594, -110.43097391724586, -187.4176624417305, -66.947688013315201, -19.108363352715969, 83.602262735366821, -36.12870454788208, -60.615445598959923, -62.105892822146416, -72.262979596853256, -121.90141841769218, -96.906215250492096, -117.76580393314362, -158.98056596517563, -111.11249774694443, -201.53556168079376, -65.177484601736069, 22.777195684611797, 10.901253093034029, -85.716043710708618, 8.7498797848820686, -145.36547094583511, -80.347425788640976, -217.58257180452347, -91.486566066741943, 63.979188501834869, -90.545903742313385, -66.102370172739029, 5.7748327497392893, -37.051899209618568, 36.616237387061119, -143.18397760391235, -72.399931848049164, 85.342470556497574, 51.240094676613808, 39.071772024035454, 31.837767697870731, 153.20934444665909, 85.502631962299347, 21.239988170564175, -5.3631585650146008, 43.939690813422203, 132.17633306980133, 105.49504637718201, 194.24832791090012, 169.57003533840179, -68.411871045827866, 34.500404521822929, 134.90741372108459, -35.575834214687347, 108.48528832197189, 93.428755849599838, 84.580839425325394, 38.802123293280602, 71.907957047224045, 31.532957553863525, 39.441807568073273, 109.86969843506813, 77.49231219291687, 7.1238178387284279, 32.213554233312607, 25.897692739963531, 43.214305937290192, -62.884942218661308, -12.96657906845212, 1.2991713057272136, 83.397111743688583, -22.308937311172485, 87.079547345638275, -15.135199651122093, -1.7052601464092731, -92.144789546728134, 85.637805908918381, 62.01545387506485, 110.90226262807846, 47.631793096661568, 4.3829555623233318, 70.40536567568779, -37.141023427248001, 148.82226705551147, -17.708522267639637, 160.48165261745453, 127.27869987487793, 231.60919994115829, 290.29892027378082, 295.26823282241821, 152.17221289873123, -15.952049419283867, 1.4797598216682673, 143.6942446231842, 107.02874287962914, 117.160724401474, 121.81083887815475, 147.54483640193939, 112.33477056026459, 95.445976406335831, 160.41640251874924, 18.24265580624342, 71.615106761455536, 102.50790506601334, 193.37113738059998, 144.45493340492249, -4.0798182785511017, 141.10716104507446, 89.776277840137482, -94.746578335762024, -187.85006403923035, -70.10797843337059, -42.420399338006973, -159.82345193624496, 72.167536318302155, -11.997586414217949, -24.7157908603549, -68.201468735933304, -21.330011039972305, -0.12493633112171665, -151.63653284311295, -34.291765317320824, -100.71408212184906, -6.4398735389113426, -11.360106971114874, 95.329391062259674, 40.77675573527813, 52.782006338238716, 27.006271854043007, 90.101319998502731, -20.370486527681351, -78.523485660552979, -127.91732400655746, -82.064994424581528, -42.756768688559532, 47.171842977404594, -14.577622320502996, 147.69143253564835, -35.730197131633759, -73.12044158577919, -37.789462432265282, -61.488175168633461, -39.665638357400894, -39.050413370132446, 182.8246209025383, 268.53107392787933, 89.50862780213356, -137.28102475404739, 13.587529398500919, 10.439513269811869, -40.053544342517853, -20.373980440199375, 85.83787277340889, 15.932336077094078, 72.297785729169846, -183.02991628646851, -54.750091731548309, -197.14846909046173, -96.82823583483696, 61.976091787219048, -11.863354817032814, -155.56889623403549, -61.016837060451508, -277.94392883777618, -175.22747576236725, -73.10193657875061, -152.40498840808868, -304.76474404335022, -257.96554327011108, -169.89792734384537, -73.495268672704697, -194.22300606966019, -35.256024375557899, -47.943475171923637, -59.097335860133171, -89.968251138925552, -109.5333556830883, -225.52641034126282, -114.95039820671082, -196.21526956558228, -145.04777759313583, -64.086426347494125, -154.56550687551498, -120.26188999414444, 124.88534510135651, 124.85398158431053, 117.43027433753014, 155.95193088054657, 131.83111399412155, -3.5929057560861111, 3.6137276887893677, -59.469856470823288, 70.228203982114792, -23.153445795178413, 9.0977653674781322, 168.25614184141159, -144.71392750740051, -171.8278893828392, -135.14462739229202, -120.72897613048553, 145.3312423825264, 38.286802545189857, -64.24938440322876, 32.159399539232254, -135.52451580762863, -11.613133493810892, -25.992868132889271, 121.80833861231804, 108.36936414241791, -25.724826715886593, 9.8015047051012516, 6.9087284803390503, 49.325138032436371, 63.524622693657875, 9.7684806771576405, -39.265402033925056, 158.24418067932129, -6.9385958276689053, -19.500599205493927, -2.2667978145182133, 31.373907588422298, 